t x y z Vx Vy Vz
0 -3969276.618175562 4908593.461306889 2449135.3994812635 -1841.6833088457008 -4472.092265174332 5961.454863695935
60 -4070534.85 4629138.45953 2800870.79492 -1532.29983827 -4839.48515399 5758.54551052
120 -4153012.0703 4328302.58747 3139629.19393 -1215.89097837 -5184.51432222 5529.05689148
180 -4216330.49659 4007475.84553 3463847.39227 -893.919390164 -5505.59202741 5274.06069834
240 -4260200.87 3668140.14958 3772030.02651 -567.872005418 -5801.24346548 4994.74563192
300 -4284423.68903 3311862.33564 4062756.40581 -239.252513612 -6070.1137812 4692.41088763
360 -4288889.98581 2940286.7998 4334686.92254 90.4261908705 -6310.97318871 4368.45882458
420 -4273581.67144 2555127.88088 4586569.03104 419.648747237 -6522.72060701 4024.38808428
480 -4238571.50181 2158162.03378 4817242.8408 746.903337024 -6704.38723524 3661.78756214
540 -4184022.68594 1751219.7676 5025646.35314 1070.6877127 -6855.1408163 3282.33034803
600 -4110188.12042 1336177.32055 5210820.30736 1389.51563552 -6974.28997902 2887.7666803
660 -4017409.231 914948.095278 5371912.57305 1701.92346057 -7061.28778986 2479.91595334
720 -3906114.42246 489473.908283 5508182.04953 2006.47660446 -7115.73445452 2060.6583565
780 -3776817.14088 61716.0940922 5619002.05714 2301.77603363 -7137.37947956 1631.92626253
840 -3630113.54282 -366353.4994 5703863.19774 2586.46486197 -7126.12303998 1195.69512736
900 -3466679.77379 -792761.559404 5762375.65991 2859.23467995 -7082.01602593 753.974199502
960 -3287268.88606 -1215542.32449 5794270.98138 3118.83123708 -7005.25906902 308.797828128
1020 -3092707.42925 -1632746.53919 5799403.31311 3364.05976643 -6896.20163591 -137.782558734
1080 -2883891.71572 -2042450.37016 5777750.19516 3593.79058059 -6755.341591 -583.706945997
1140 -2661783.74045 -2442764.2858 5729412.78061 3806.96489293 -6583.32415282 -1026.91669071
1200 -2427406.76633 -2831841.82075 5654615.43042 4002.59998742 -6380.93899413 -1465.36526494
1260 -2181840.6354 -3207888.11454 5553704.6856 4179.79319025 -6149.1158273 -1897.02799973
1320 -1926216.86288 -3569168.18042 5427147.70689 4337.72534211 -5888.92008982 -2319.91016372
1380 -1661713.50712 -3914014.94195 5275530.24827 4475.66494185 -5601.54947381 -2732.05477324
1440 -1389549.76511 -4240837.06 5099554.12241 4592.97301366 -5288.33008828 -3131.5518948
1500 -1110980.286 -4548126.47386 4900034.05964 4689.10737591 -4950.71059114 -3516.54935571
1560 -827289.278684 -4834465.52394 4677893.92648 4763.62515115 -4590.25428279 -3885.26303581
1620 -539784.516245 -5098533.57764 4434162.37847 4816.18388733 -4208.63075434 -4235.98534733
1680 -249791.280687 -5339113.17452 4169968.05128 4846.5426393 -3807.60827826 -4567.09235817
1740 41353.7757611 -5555095.72913 3886534.33 4854.5636535 -3389.04648526 -4877.05092619
1800 332308.873284 -5745486.77334 3585173.67327 4840.21396093 -2954.88818605 -5164.42637698
1860 621733.414183 -5909410.67224 3267281.47432 4803.56591768 -2507.15006088 -5427.89012004
1920 908294.289792 -6046114.76243 2934329.48404 4744.79665364 -2047.91282674 -5666.22658366
1980 1190672.13824 -6154972.89419 2587858.83824 4664.18709537 -1579.31117437 -5878.33952459
2040 1467567.53987 -6235488.35193 2229472.72002 4562.12083733 -1103.52300087 -6063.2578616
2100 1737707.12928 -6287296.09799 1860828.69605 4439.08237926 -622.757656709 -6220.14059398
2160 1999849.56931 -6310164.29807 1483630.80161 4295.65426262 -139.243952621 -6348.28020173
2220 2252791.32486 -6303995.1495 1099621.46566 4132.51336268 344.78094788 -6447.10468749
2280 2495372.20547 -6268825.07778 710573.331756 3950.42697987 827.081556985 -6516.17917044
2340 2726480.67426 -6204824.34212 318280.97937 3750.24893186 1305.43392663 -6555.20762769
2400 2945058.91329 -6112296.0313 -75447.455053 3532.91526051 1777.63616057 -6564.03435279
2460 3150107.61077 -5991674.4139 -468798.713564 3299.43924508 2241.51928737 -6542.64426285
2520 3340690.43338 -5843522.64914 -859962.82802 3050.90597701 2694.95755051 -6491.16183585
2580 3515938.17257 -5668529.91108 -1247141.44119 2788.46697639 3135.87769192 -6409.84930324
2640 3675052.57236 -5467507.97553 -1628556.01429 2513.33492271 3562.26769681 -6299.10472463
2700 3817309.83508 -5241387.28216 -2002455.91511 2226.7781096 3972.18559833 -6159.45985911
2760 3942063.77732 -4991212.46605 -2367126.35866 1930.11431854 4363.76829199 -5991.5772921
2820 4048748.60418 -4718137.37383 -2720896.14545 1624.70428536 4735.239803 -5796.24657114
2880 4136881.29031 -4423419.61035 -3062145.145 1311.94519569 5084.91865321 -5574.37966185
2940 4206063.57824 -4108414.66712 -3389311.49787 993.26443844 5411.22450054 -5327.00616026
3000 4255983.60729 -3774569.66464 -3700898.5265 670.113497001 5712.68441269 -5055.26835392
3060 4286417.17412 -3423416.72599 -3995481.33989 343.961752321 5987.93887315 -4760.4159111
3120 4297228.61638 -3056566.00298 -4271713.10359 16.2901170692 6235.74730544 -4443.80003151
3180 4288371.31108 -2675698.39195 -4528330.94472 -311.41541767 6454.99286848 -4106.86716441
3240 4259887.78661 -2282557.98503 -4764161.47363 -637.670188207 6644.68649496 -3751.15255774
3300 4211909.45471 -1878944.29674 -4978125.91806 -960.997102083 6803.97039746 -3378.27379902
3360 4144655.97436 -1466704.28816 -5169244.86776 -1279.93266399 6932.1213512 -2989.92424916
3420 4058434.25997 -1047724.19694 -5336642.61492 -1593.032819 7028.55387776 -2587.86609276
3480 3953637.1419 -623921.183974 -5479551.06129 -1898.87871521 7092.82311008 -2173.92283816
3540 3830741.68152 -197234.827536 -5597313.16248 -2196.08246768 7124.62695839 -1749.97145303
3600 3690307.13956 230381.487387 -5689385.89991 -2483.29295115 7123.80745642 -1317.93454948
3660 3532972.59537 656969.242781 -5755342.79094 -2759.20165414 7090.35158503 -879.772784718
3720 3359454.21184 1080573.50376 -5794875.94124 -3022.54863753 7024.39188589 -437.477110215
3780 3170542.14143 1499251.66246 -5807797.61388 -3272.12850218 6926.20669834 6.93965182379
3840 2967097.08151 1911082.17201 -5794041.27123 -3506.79604726 6796.2195185 451.451881641
3900 2750046.50783 2314173.21067 -5753662.06915 -3725.47131377 6634.99735058 894.030218203
3960 2520380.623 2706671.22932 -5686836.8236 -3927.14409489 6443.24859031 1332.65005782
4020 2279148.03915 3086769.3733 -5593863.4788 -4110.87836938 6221.82099636 1765.29978913
4080 2027451.1877 3452715.7816 -5475160.06927 -4275.81697998 5971.69951197 2189.98954272
4140 1766441.44526 3802821.72997 -5331263.13322 -4421.18633442 5694.00311036 2604.76068258
4200 1497313.98975 4135469.54383 -5162825.54939 -4546.30062697 5389.98029998 3007.69538335
4260 1221302.42304 4449120.2141 -4970613.81521 -4650.56542291 5061.00386074 3396.92563119
4320 939673.190103 4742320.69281 -4755504.79867 -4733.48092588 4708.56548527 3770.64187537
4380 653719.80434 5013710.86081 -4518481.9626 -4794.64516733 4334.27008363 4127.10206583
4440 364756.890275 5262030.12114 -4260631.03061 -4833.75681941 3939.82886219 4464.64113647
4500 74114.081961 5486123.53028 -3983135.0927 -4850.61712896 3527.05089846 4781.68001066
4560 -216870.165886 5684947.39792 -3687269.20785 -4845.13094673 3097.83404668 5076.73330516
4620 -506854.813426 5857574.3468 -3374394.57877 -4817.30734678 2654.15612188 5348.41603221
4680 -794502.505788 6003197.85265 -3045952.32992 -4767.26016236 2198.06627585 5595.45026422
4740 -1078485.86673 6121136.25128 -2703456.87589 -4695.2081472 1731.67572756 5816.67207776
4800 -1357493.7782 6210836.15922 -2348488.88054 -4601.47429589 1257.14751373 6011.03809938
4860 -1630237.5935 6271875.26322 -1982687.8532 -4486.48437421 776.685835729 6177.63102046
4920 -1895457.25067 6303964.47302 -1607744.44003 -4350.76513404 292.525494133 6315.66435926
4980 -2151927.27392 6306949.43342 -1225392.43595 -4194.94232405 -193.079043762 6424.48706464
5040 -2398462.63595 6280811.3494 -837400.528999 -4019.73790695 -677.865674573 6503.58768388
5100 -2633924.41299 6225667.06172 -445563.835674 -3825.96589453 -1159.57742133 6552.5969757
5160 -2857225.15334 6141768.37273 -51695.3438145 -3614.52709799 -1635.97438245 6571.28840387
5220 -3067333.92449 6029500.7118 342382.630575 -3386.4038519 -2104.84373542 6559.57743895
5280 -3263281.0639 5889381.24707 734846.948861 -3142.65545082 -2564.00845295 6517.52121215
5340 -3444162.67099 5722056.46678 1123882.16053 -2884.41393729 -3011.33656303 6445.31895732
5400 -3609144.83063 5528299.15867 1507689.03752 -2612.87919416 -3444.75196494 6343.31208182
5460 -3757467.50345 5309004.71248 1884493.06367 -2329.31272555 -3862.24588783 6211.98243441
5520 -3888448.01194 5065186.76272 2252552.75832 -2035.0305501 -4261.88714503 6051.94862925
5580 -4001484.09875 4797972.27848 2610167.74964 -1731.39621253 -4641.83032227 5863.96162234
5640 -4096056.58702 4508596.20517 2955686.59135 -1419.81453887 -5000.32277558 5648.90069052
5700 -4171731.68385 4198395.68329 3287514.35201 -1101.72587257 -5335.71194155 5407.76975031
5760 -4228162.9324 3868803.80307 3604119.9692 -778.599993022 -5646.45344034 5141.69302676
5820 -4265092.77435 3521342.8707 3904043.30521 -451.929176325 -5931.11902345 4851.90940468
5880 -4282353.67321 3157617.23467 4185901.83116 -123.220581623 -6188.40314618 4539.76582904
5940 -4279868.77675 2779305.76671 4448396.90792 206.011381617 -6417.12799291 4206.71057268
6000 -4257652.13456 2388154.06694 4690319.66668 534.252207806 -6616.24781658 3854.28657719
6060 -4215808.50192 1985966.40986 4910556.47819 859.993962865 -6784.85326722 3484.12427989
6120 -4154532.75196 1574597.43784 5108093.96322 1181.74171499 -6922.17534555 3097.93348842
6180 -4074108.9056 1155943.64997 5282023.49776 1498.01984117 -7027.58816799 2697.49483747
6240 -3974908.78861 731934.764484 5431545.22033 1807.37813164 -7100.61051247 2284.6518821
6300 -3857390.32941 304525.001599 5555971.59501 2108.39767935 -7140.90712945 1861.30413585
6360 -3722095.5056 -124315.729951 5654730.56407 2399.69674068 -7148.29070394 1429.40013149
6420 -3569647.93375 -552610.779827 5727368.25348 2679.93679173 -7122.7241943 990.929311033
6480 -3400750.08793 -978385.826016 5773551.14792 2947.82884239 -7064.32238602 547.912526763
6540 -3216180.13458 -1399677.99007 5793067.67386 3202.13987382 -6973.35177709 102.391986178
6600 -3016788.38453 -1814544.89483 5785829.18647 3441.69909903 -6850.22885927 -343.578461934
6660 -2803493.38538 -2221073.58777 5751870.39162 3665.40361373 -6695.51748756 -787.942459434
6720 -2577277.70234 -2617389.29748 5691349.23219 3872.22310723 -6509.92605294 -1228.64991156
6780 -2339183.44169 -3001664.02636 5604546.25203 4061.20382214 -6294.3048818 -1663.66566609
6840 -2090307.54073 -3372124.9938 5491863.43461 4231.47252011 -6049.64379171 -2090.97841163
6900 -1831796.80207 -3727062.92078 5353822.491 4382.2410837 -5777.06907697 -2508.61018912
6960 -1564842.63745 -4064840.09058 5191062.55608 4512.81145921 -5477.83892524 -2914.62655041
7020 -1290675.53048 -4383898.0772 5004337.27156 4622.57990328 -5153.33697632 -3307.14668131
7080 -1010559.28447 -4682765.05165 4794511.28511 4711.03988275 -4805.0649149 -3684.35264699
7140 -725785.128191 -4960062.64534 4562556.22463 4777.78404757 -4434.63523397 -4044.49772087
7200 -437665.7101 -5214512.38854 4309546.18261 4822.50607502 -4043.76419855 -4385.91451627
7260 -147528.981803 -5444941.70871 4036652.70796 4845.00243768 -3634.26404075 -4707.02322798
7320 143288.006145 -5650289.42378 3745139.31624 4845.17345317 -3208.03399014 -5006.33928093
7380 433445.342362 -5829610.68463 3436355.57784 4823.02341958 -2767.05110888 -5282.47973205
7440 721606.490543 -5982081.38954 3111730.84593 4778.66056522 -2313.36190751 -5534.16910564
7500 1006444.5344 -6107002.1052 2772767.61449 4712.29740826 -1849.07399771 -5760.24607657
7560 1286648.44283 -6203801.43982 2421034.44123 4624.25085372 -1376.34589481 -5959.67112179
7620 1560929.2979 -6272038.72862 2058158.42604 4514.94066811 -897.374425773 -6131.53328874
7680 1828026.37033 -6311405.93549 1685817.36119 4384.88602157 -414.381642511 -6275.05419692
7740 2086712.95964 -6321728.81698 1305731.72269 4234.70139528 70.3964210525 -6389.58959812
7800 2335802.00793 -6302967.47663 919656.588528 4065.09325696 554.719050848 -6474.63063216
7860 2574151.53784 -6255216.3697 529373.451027 3876.85735481 1036.35026053 -6529.80613602
7920 2800669.91267 -6178703.6971 136681.876958 3670.87525843 1513.06980764 -6554.88511259
7980 3014320.84298 -6073790.10536 -256608.939403 3448.10936706 1982.68501098 -6549.77760234
8040 3214128.06284 -5940966.70155 -648688.613043 3209.59709707 2443.04150963 -6514.53357807
8100 3399179.66317 -5780852.47377 -1037753.90834 2956.44540783 2892.03239508 -6449.34108202
8160 3568632.11453 -5594191.18695 -1422016.97449 2689.82583836 3327.60681054 -6354.52466914
8220 3721713.98809 -5381847.74971 -1799713.49207 2410.96926195 3747.77905097 -6230.54384773
8280 3857729.33725 -5144804.0249 -2169110.70097 2121.15980467 4150.63785827 -6077.9905553
8340 3976060.69647 -4884154.10175 -2528515.23865 1821.72828063 4534.35492778 -5897.58540303
8400 4076171.68928 -4601099.09227 -2876280.73018 1514.04581764 4897.19229963 -5690.17328768
8460 4157609.2653 -4296941.50566 -3210815.1113 1199.51783395 5237.50913687 -5456.71892093
8520 4220005.57804 -3973079.22219 -3530587.68047 879.578018405 5553.76832633 -5198.30221618
8580 4263079.49439 -3630999.07887 -3834135.86187 555.682067724 5844.54275433 -4916.11323077
8640 4286637.72398 -3272270.09694 -4120071.65002 229.301320456 6108.52094223 -4611.44663188
8700 4290575.56954 -2898536.39045 -4387087.71259 -98.0834821918 6344.51207747 -4285.69586987
8760 4274877.30743 -2511509.78422 -4633963.13707 -424.988315053 6551.45071299 -3940.34712058
8820 4239616.1998 -2112962.15667 -4859568.80424 -749.932052726 6728.40122354 -3576.97288118
8880 4184954.13091 -1704717.5273 -5062872.36437 -1071.44282297 6874.56181258 -3197.22512913
8940 4111140.85909 -1288643.9244 -5242942.79081 -1388.06442284 6989.2677938 -2802.82809051
9000 4018512.88826 -866645.081314 -5398954.49156 -1698.3625437 7071.99402153 -2395.57077846
9060 3907491.97751 -440652.009722 -5530190.9724 -2000.93058642 7122.3566094 -1977.29954438
9120 3778583.31406 -12614.4811652 -5636048.05858 -2294.39510517 7140.11435595 -1549.9108259
9180 3632373.36205 415507.579919 -5716036.68428 -2577.42124469 7125.17031517 -1115.34391962
9240 3469527.37483 841752.802202 -5769785.23502 -2848.71856406 7077.57345575 -675.573196687
9300 3290786.54585 1264167.15847 -5797041.39354 -3107.04719584 6997.51967979 -232.599316782
9360 3096964.79341 1680812.77771 -5797673.43497 -3351.2237839 6885.3514286 211.560213282
9420 2888945.20933 2089776.68999 -5771670.95975 -3580.1267074 6741.55593231 654.880173248
9480 2667676.214 2489179.44684 -5719145.10468 -3792.70072248 6566.76298399 1095.33588525
9540 2434167.4363 2877183.61379 -5640328.2754 -3987.96158258 6361.7429442 1530.91105726
9600 2189485.30878 3252002.14637 -5535573.39701 -4165.00089813 6127.4047481 1959.60613089
9660 1934748.37128 3611906.62797 -5405352.63879 -4322.99090863 5864.79317801 2379.44742789
9720 1671122.30198 3955235.31249 -5250255.57827 -4461.18876628 5575.0851007 2788.49657884
9780 1399814.70563 4280400.91725 -5070986.80531 -4578.94039199 5259.58497282 3184.8597142
9840 1122069.67529 4585898.13125 -4868362.98166 -4675.68420458 4919.71984607 3566.6964826
9900 839162.134082 4870310.80386 -4643309.35668 -4750.95467058 4557.03364999 3932.22918208
9960 552391.980134 5132318.76198 -4396855.73289 -4804.38524288 4173.18051749 4279.75191724
10020 263078.080273 5370704.20184 -4130131.89058 -4835.710471 3769.91734258 4607.63942099
10080 -27447.8444544 5584357.6193 -3844362.4973 -4844.76757111 3349.09585922 4914.35541299
10140 -317847.420309 5772283.24837 -3540861.5266 -4831.49777659 2912.65411241 5198.46061569
10200 -606781.893871 5933603.96116 -3221026.20741 -4795.94730151 2462.60700631 5458.62033495
10260 -892918.440073 6067565.57583 -2886330.54119 -4738.26748719 2001.03611428 5693.61122232
10320 -1174936.45144 6173540.54825 -2538318.44283 -4658.7140675 1530.07944206 5902.32708542
10380 -1451533.76622 6251031.05949 -2178596.55187 -4557.64594275 1051.92152183 6083.78415569
10440 -1721432.81653 6299671.51007 -1808826.73197 -4435.52374998 568.78342689 6237.1262553
10500 -1983386.68108 6319230.39623 -1430718.2651 -4292.90804994 82.9120904156 6361.62972139
10560 -2236185.00841 6309611.52213 -1046019.77169 -4130.45678085 -403.431090994 6456.70753211
10620 -2478659.76253 6270854.51948 -656510.916176 -3948.92190237 -887.981848336 6521.91232203
10680 -2709690.74764 6203134.6773 -263993.962515 -3749.14542833 -1368.4844106 6556.93840442
10740 -2928210.88223 6106762.09835 129714.766458 -3532.05507447 -1842.70257881 6561.62297162
10800 -3133211.20525 5982180.19991 522793.478451 -3298.65970535 -2308.43050665 6535.94653029
10860 -3323745.60617 5829963.5757 913423.50796 -3050.04468923 -2763.50324249 6480.03273738
10920 -3498935.26929 5650815.22502 1299797.89038 -2787.36693357 -3205.80735021 6394.14783345
10980 -3657972.79517 5445563.13483 1680129.88455 -2511.84897728 -3633.29184294 6278.69938699
11040 -3800125.92842 5215156.20932 2052661.38066 -2224.77179989 -4043.97880936 6134.23361415
11100 -3924740.83149 4960659.60384 2415671.09719 -1927.46709515 -4435.97244212 5961.43110333
11160 -4031244.91522 4683249.58066 2767482.49753 -1621.31044194 -4807.46602908 5761.10199391
11220 -4119149.30502 4384207.97602 3106471.43462 -1307.71593606 -5156.74825201 5534.18185807
11280 -4188051.00432 4064916.26324 3431073.57 -988.131187269 -5482.21054059 5281.72811746
11340 -4237634.72898 3726849.13878 3739791.55818 -664.031179271 -5782.35540963 5004.91556128
11400 -4267674.33214 3371567.62361 4031201.91253 -336.910904475 -6055.80394283 4705.03024568
11460 -4278033.78145 3000711.77442 4303961.47948 -8.27802979529 -6301.30132575 4383.46280421
11520 -4268667.71935 2615993.09742 4556813.52791 320.353673675 -6517.72153362 4041.70240084
11580 -4239621.6353 2219186.66461 4788593.48716 647.470906319 -6704.07269346 3681.33082828
11640 -4191031.61691 1812122.89532 4998234.29526 971.568358825 -6859.50258685 3304.01520049
11700 -4123123.63089 1396679.0535 5184771.25596 1291.15664748 -6983.30234291 2911.49905668
11760 -4036212.35196 974770.595265 5347346.3547 1604.76924778 -7074.90790286 2505.59354398
11820 -3930699.61872 548342.44975 5485212.0817 1910.9680956 -7133.90117617 2088.16981209
11880 -3807072.56551 119360.195961 5597734.81168 2208.34902742 -7160.01239016 1661.15151143
11940 -3665901.40663 -310198.912908 5684397.69216 2495.54794788 -7153.12243443 1226.50577659
12000 -3507836.84219 -738355.008593 5744802.95313 2771.24707088 -7113.26307014 786.233273332
12060 -3333607.1148 -1163134.61416 5778673.64788 3034.18023735 -7040.61527858 342.359517374
12120 -3144014.76819 -1582579.55804 5785854.93253 3283.13774612 -6935.50825304 -103.072007231
12180 -2939933.09511 -1994755.88225 5766314.93224 3516.9720618 -6798.42009963 -548.007245569
12240 -2722302.20785 -2397762.79471 5720145.08778 3734.60453272 -6629.97807278 -990.391625476
12300 -2492124.71403 -2789741.55217 5647559.83803 3935.0315074 -6430.95580975 -1428.18168711
12360 -2250461.07993 -3168884.09343 5548895.63299 4117.32857695 -6202.26816457 -1859.35534493
12420 -1998424.78038 -3533441.36191 5424609.40362 4280.65373586 -5944.96646184 -2281.9198847
12480 -1737177.24659 -3881731.39237 5275276.57045 4424.25117994 -5660.23526691 -2693.91979969
12540 -1467922.55405 -4212147.20497 5101588.53215 4547.45604328 -5349.38875079 -3093.4464102
12600 -1191901.83057 -4523164.41382 4904349.53703 4649.69872305 -5013.86465896 -3478.6484699
12660 -910387.447004 -4813348.41023 4684472.94225 4730.50774908 -4655.21647169 -3847.74170713
12720 -624677.071603 -5081361.07 4442976.94811 4789.51161539 -4275.10561922 -4199.01690998
12780 -336087.623951 -5325967.00957 4180979.86003 4826.44037382 -3875.2941068 -4530.84780284
12840 -45949.1398133 -5546039.38409 3899694.86802 4841.12692969 -3457.63643899 -4841.69916966
12900 244401.422246 -5740565.16888 3600424.35603 4833.50767775 -3024.07058471 -5130.134203
12960 533626.401316 -5908649.89671 3284553.80924 4803.62290591 -2576.60905799 -5394.82064354
13020 820393.690003 -6049521.87465 2953545.35896 4751.61760381 -2117.33035655 -5634.53701439
13080 1103383.03881 -6162535.86048 2608930.91919 4677.74202952 -1648.36917802 -5848.17998986
13140 1381292.34547 -6247176.08169 2252304.8756 4582.35039873 -1171.90431657 -6034.77153486
13200 1652843.79297 -6303058.49305 1885316.41544 4465.89728457 -690.145854778 -6193.46344819
13260 1916789.74417 -6329932.31503 1509661.67346 4328.9335114 -205.32432556 -6323.53921567
13320 2171918.42754 -6327680.99439 1127075.78682 4172.10346716 280.317993907 -6424.41566999
13380 2417059.50089 -6296322.64166 739324.805109 3996.14343668 764.536318405 -6495.64619878
13440 2651089.49197 -6236009.84375 348197.388328 3801.87881725 1245.09499982 -6536.92417869
13500 2872937.00657 -6147028.7335 -44503.6442609 3590.2191858 1719.7801963 -6548.08422661
13560 3081587.6035 -6029797.33671 -436969.762789 3362.1524504 2186.41096863 -6529.10108707
13620 3276088.33305 -5884863.31724 -827395.086579 3118.73961559 2642.84844059 -6480.08813809
13680 3455551.97875 -5712901.18593 -1213984.6767 2861.10994091 3087.00484233 -6401.29661938
13740 3619160.98898 -5514708.94054 -1594962.77788 2590.45528442 3516.85338137 -6293.11440811
13800 3766171.03864 -5291204.11674 -1968580.93517 2308.02357451 3930.43770328 -6156.06298188
13860 3895914.20411 -5043419.31952 -2333125.88498 2015.11266599 4325.87969076 -5990.79320326
13920 4007801.80032 -4772497.32162 -2686927.20063 1713.06516798 4701.38637819 -5798.08156542
13980 4101326.91207 -4479685.73185 -3028364.73659 1403.26316 5055.25754849 -5578.82707647
14040 4176066.57146 -4166331.18465 -3355875.86924 1087.12159286 5385.89388201 -5334.04732885
14100 4231683.50717 -3833873.06662 -3667962.45155 766.080839291 5691.80395308 -5064.87290953
14160 4267927.4602 -3483836.88319 -3963197.40365 441.599922523 5971.60928341 -4772.54111848
14220 4284636.13149 -3117827.35328 -4240230.94101 115.150947073 6224.04865107 -4458.39028624
14280 4281735.80742 -2737521.22995 -4497796.47964 -211.786298939 6447.98302697 -4123.85453744
14340 4259241.63858 -2344659.8096 -4734716.21232 -537.7305753 6642.4008219 -3770.45789744
14400 4217257.52464 -1941041.15001 -4949906.30001 -861.205927723 6806.42217601 -3399.80742054
14460 4155975.60494 -1528512.07032 -5142381.63978 -1180.74796945 6939.30202155 -3013.5860993
14520 4075675.39311 -1108959.98151 -5311260.21642 -1494.90953316 7040.43285037 -2613.54608122
14580 3976722.57448 -684304.542605 -5455767.0469 -1802.2663925 7109.34774357 -2201.50175489
14640 3859567.44477 -256489.14063 -5575237.69018 -2101.42350132 7145.72305176 -1779.32213607
14700 3724742.96671 172527.758758 -5669121.28197 -2391.0213769 7149.37996691 -1348.92273282
14760 3572862.45503 600781.323385 -5736983.07976 -2669.74204242 7120.28514058 -912.257424287
14820 3404616.92197 1026309.09195 -5778506.52435 -2936.31442507 7058.55099775 -471.310426647
14880 3220772.10847 1447159.72723 -5793494.81438 -3189.51949023 6964.43591993 -28.0880537843
14940 3022165.20848 1861401.76869 -5781871.97871 -3428.19536868 6838.34398944 415.389751917
15000 2809701.28167 2267132.35188 -5743683.43948 -3651.24264067 6680.82413947 857.097903575
15060 2584349.34143 2662485.86038 -5679096.06439 -3857.62987638 6492.56875153 1295.0147651
15120 2347138.10661 3045642.47265 -5588397.69062 -4046.39923384 6274.41149908 1727.13121263
15180 2099151.42958 3414836.54867 -5471996.09086 -4216.67154471 6027.32413486 2151.46010688
15240 1841523.44643 3768364.79557 -5330417.37207 -4367.65047375 5752.41243108 2566.04562965
15300 1575433.50034 4104594.1797 -5164303.82665 -4498.62601368 5450.91186976 2968.9722224
15360 1302100.85983 4421969.57677 -4974411.25059 -4608.97791026 5124.18315166 3358.37349931
15420 1022779.22894 4719021.13058 -4761605.71944 -4698.17912689 4773.7068461 3732.44138375
15480 738751.059412 4994371.25294 -4526859.82084 -4765.79889326 4401.07680836 4089.43496079
15540 451321.699949 5246741.20675 -4271248.38057 -4811.50510971 4007.99303751 4427.68847039
15600 161813.411437 5474957.26635 -3995943.72766 -4835.06650359 3596.25479404 4745.6188377
15660 -128440.750039 5677956.46728 -3702210.49573 -4836.35488023 3167.7536206 5041.7337395
15720 -418103.179365 5854791.90362 -3391399.91644 -4815.34704921 2724.46505532 5314.6403686
15780 -705838.054524 6004637.47388 -3064943.59174 -4772.12566489 2268.43858801 5563.05382049
15840 -990317.680622 6126791.99196 -2724346.80244 -4706.87883347 1801.78675147 5785.80407036
15900 -1270228.78621 6220682.64524 -2371181.44028 -4619.89901855 1326.674367 5981.84166138
15960 -1544278.74376 6285867.8155 -2007078.61882 -4511.58161936 845.307990442 6150.24281364
16020 -1811201.69146 6322039.26121 -1633720.9894 -4382.42304968 359.925136227 6290.21410718
16080 -2069764.51967 6329023.64697 -1252834.79784 -4233.0181602 -127.216653343 6401.09638794
16140 -2318772.68913 6306783.42099 -866181.73156 -4064.05727221 -613.850585765 6482.36790589
16200 -2557075.86604 6255417.04559 -475550.591566 -3876.32302829 -1097.71150942 6533.64705208
16260 -2783573.35509 6175158.55655 -82748.8140048 -3670.68671725 -1576.54743431 6554.69454491
16320 -2997219.28514 6066376.41792 310406.10477 -3448.10368583 -2048.13134167 6545.41434438
16380 -3197027.4982 5929571.68746 702095.192519 -3209.60815273 -2510.27217986 6505.85312216
16440 -3382076.12731 5765375.56059 1090506.5307 -2956.30810742 -2960.82464197 6436.19915347
16500 -3551511.87409 5574546.34383 1473843.72204 -2689.38032429 -3397.69860335 6336.78139633
16560 -3704553.97381 5357965.84865 1850334.30063 -2410.06481592 -3818.86904909 6208.06833791
16620 -3840497.8011 5116635.18266 2218238.042 -2119.65843326 -4222.38607315 6050.66571228
16680 -3958718.07956 4851669.96141 2575855.09934 -1819.5081971 -4606.384119 5865.3130802
16740 -4058671.69798 4564294.98689 2921533.91719 -1511.00486319 -4969.09063089 5652.87991243
16800 -4139900.13867 4255838.40667 3253678.89577 -1195.57629823 -5308.83476841 5414.36108038
16860 -4202031.48649 3927725.3576 3570757.74555 -874.680102922 -5624.05564359 5150.87092431
16920 -4244781.98307 3581471.16884 3871308.44199 -549.7960221 -5913.30855671 4863.63603965
16980 -4267957.1504 3218674.26232 4153945.74974 -222.419340743 -6175.2690184 4553.98846573
17040 -4271452.55609 2841008.83172 4417367.38625 105.94457806 -6408.73653333 4223.36050653
17100 -4255254.25501 2450217.25034 4660359.90216 433.785868047 -6612.63997465 3873.28012291
17160 -4219438.86457 2048102.12006 4881804.24825 759.596844268 -6786.04384869 3505.36482197
17220 -4164173.21517 1636517.97232 5080680.91549 1081.87929493 -6928.15332882 3121.31369549
17280 -4089713.57128 1217362.72509 5256074.57968 1399.15140658 -7038.31746758 2722.89915713
17340 -3996404.44815 792568.970507 5407178.26862 1709.95443574 -7116.03187301 2311.95925686
17400 -3884677.01627 364095.097757 5533297.06235 2012.85985635 -7160.94144562 1890.38955192
17460 -3755047.06723 -66083.7210607 5633851.26567 2306.4766459 -7172.84193944 1460.1336631
17520 -3608112.57179 -495984.577532 5708379.00031 2589.45739371 -7151.6795383 1023.17370333
17580 -3444550.91821 -923625.822592 5756538.26384 2860.50299571 -7097.54998476 581.522210868
17640 -3265115.87299 -1347036.0493 5778108.53849 3118.36754717 -7010.6991646 137.214844015
17700 -3070634.20426 -1764263.14001 5772991.9211 3361.86473431 -6891.52424524 -307.698630058
17760 -2862001.89868 -2173383.32409 5741213.63904 3589.87461962 -6740.5724515 -751.165574801
17820 -2640180.01711 -2572510.0612 5682921.88754 3801.34862192 -6558.53669524 -1191.14128645
17880 -2406190.31751 -2959802.63398 5598387.10025 3995.31253181 -6346.25087837 -1625.59695277
17940 -2161110.70006 -3333474.52514 5488000.80467 4170.86987003 -6104.68758586 -2052.52604874
18000 -1906070.39139 -3691801.70867 5352274.05373 4327.20727887 -5834.95700384 -2469.95256399
18060 -1642244.76896 -4033130.82314 5191835.27194 4463.60070586 -5538.30354794 -2875.94211453
18120 -1370849.85595 -4355887.03256 5007427.4057 4579.41987034 -5216.09896496 -3268.61347326
18180 -1093136.62138 -4658581.42054 4799904.43906 4674.13043799 -4869.83419763 -3646.14797478
18240 -810385.178016 -4939817.92423 4570227.40703 4747.29560259 -4501.11236027 -4006.79715814
18300 -523898.863892 -5198299.87438 4319459.95241 4798.5784458 -4111.64233061 -4348.8906155
18360 -234998.170072 -5432836.12018 4048763.38627 4827.74448024 -3703.23107716 -4670.84458301
18420 54985.4564676 -5642346.64295 3759391.23991 4834.6631271 -3277.77443347 -4971.17006889
18480 344715.861464 -5825867.60237 3452683.36577 4819.30806426 -2837.24764534 -5248.47976658
18540 632858.43979 -5982555.82867 3130059.64544 4781.75725842 -2383.69630444 -5501.49440508
18600 918086.391878 -6111692.76301 2793013.31505 4722.19287338 -1919.22684826 -5729.04917035
18660 1199086.95627 -6212687.79753 2443103.91267 4640.90046169 -1445.9960603 -5930.09973946
18720 1474567.56443 -6285080.96987 2081949.89254 4538.26722373 -966.200216664 -6103.72732673
18780 1743261.87541 -6328545.01315 1711220.96056 4414.77984093 -482.06445548 -6249.14302618
18840 2003935.67586 -6342886.76308 1332630.15876 4271.02212516 4.16817257316 -6365.69183162
18900 2255392.62176 -6328047.88319 947925.731516 4107.67197934 490.248451535 -6452.85571531
18960 2496479.76672 -6284104.88187 558882.857912 3925.49735133 973.932608599 -6510.25496381
19020 2726092.83067 -6211268.47136 167295.345465 3725.35177279 1452.99253419 -6537.64836184
19080 2943181.20662 -6109882.3483 -225032.690609 3508.17012158 1925.2250968 -6534.93368331
19140 3146752.71228 -5980421.39878 -616295.194965 3274.96420988 2388.46225227 -6502.14858789
19200 3335878.05032 -5823489.2605 -1004692.56502 3026.81740487 2840.58217749 -6439.47025286
19260 3509694.92079 -5639815.23229 -1388439.95349 2764.87859356 3279.51951706 -6347.21277202
19320 3667411.78331 -5430250.63411 -1765775.38024 2490.35671999 3703.27346406 -6225.82379611
19380 3808311.31916 -5195764.71489 -2134967.67346 2204.5161227 4109.91519079 -6075.88238008
19440 3931753.60282 -4937440.07266 -2494324.31098 1908.67119692 4497.59689215 -5898.09744594
19500 4037178.89787 -4656467.48847 -2842199.12174 1604.17917831 4864.56188582 -5693.30424924
19560 4124109.98481 -4354140.19923 -3176999.68385 1292.43212153 5209.15270296 -5462.45795742
19620 4192154.04222 -4031847.79108 -3497194.30697 974.850342315 5529.81574308 -5206.62678962
19680 4241004.19822 -3691069.86325 -3801318.6642 652.87782328 5825.10488756 -4926.98742456
19740 4270440.81784 -3333369.42127 -4087982.20933 327.977565396 6093.68723158 -4624.82200929
19800 4280332.45645 -2960385.85787 -4355874.38372 1.62497051093 6334.35071086 -4301.51363411
19860 4270636.36651 -2573827.49748 -4603770.4607 -324.700110567 6546.01047041 -3958.53884784
19920 4241398.54304 -2175463.85129 -4830536.89617 -649.520466706 6727.71213942 -3597.45919163
19980 4192753.39796 -1767117.73459 -5035136.20999 -971.366873556 6878.63361145 -3219.91427227
20040 4124923.13679 -1350657.25611 -5216631.50248 -1288.78297059 6998.08780673 -2827.61625727
20100 4038216.81816 -927987.601958 -5374190.63158 -1600.33107673 7085.52653637 -2422.3437366
20160 3933029.03771 -501042.59941 -5507089.97299 -1904.59872579 7140.54367411 -2005.93400015
20220 3809838.22666 -71776.1385196 -5614717.69402 -2200.20482487 7162.87675806 -1580.27481226
20280 3669204.60182 357846.476707 -5696576.55011 -2485.8051838 7152.40796254 -1147.29679142
20340 3511767.78552 785857.242191 -5752286.23478 -2760.09811369 7109.16532638 -708.965970514
20400 3338244.07703 1210294.23809 -5781585.26332 -3021.83041412 7033.32369047 -267.275599234
20460 3149423.36607 1629210.43621 -5784332.34242 -3269.80318641 6925.20446004 175.762658877
20520 2946165.71635 2040682.46219 -5760507.21606 -3502.87702106 6785.27448631 618.127270224
20580 2729397.64765 2442819.28865 -5710211.0106 -3719.97697689 6614.14499809 1057.79508876
20640 2500108.10925 2833770.86785 -5633666.06975 -3920.0979397 6412.57051334 1492.75026422
20700 2259344.12439 3211736.66992 -5531215.22221 -4102.31010056 6181.44658285 1920.9941881
20760 2008206.12419 3574974.03207 -5403320.4432 -4265.76370525 5921.80576649 2340.55552361
20820 1747843.02853 3921806.23172 -5250560.94257 -4409.69277205 5634.81268512 2749.499173
20880 1479447.12117 4250630.26708 -5073630.74835 -4533.41837583 5321.75934919 3145.93426746
20940 1204248.72241 4559924.37175 -4873335.81292 -4636.35217678 4984.06086657 3528.02228184
21000 923510.641044 4848255.25996 -4650590.60725 -4718.00018771 4623.25056385 3893.98602478
21060 638522.405812 5114285.03738 -4406414.15491 -4777.96625864 4240.97362832 4242.11919506
21120 350594.308704 5356777.68173 -4141925.49771 -4815.95481027 3838.9791791 4570.79562168
21180 61051.3123873 5574605.01425 -3858338.63529 -4831.77261484 3419.11136407 4878.4774812
21240 -228773.121176 5766752.13046 -3556957.00799 -4825.3296773 2983.30038984 5163.72232937
21300 -517543.236909 5932322.31013 -3239167.58238 -4796.63960743 2533.55420299 5425.18945562
21360 -803927.214594 6070541.4459 -2906434.55148 -4745.82005372 2071.95061705 5661.64653556
21420 -1086603.42931 6180761.98088 -2560292.61017 -4673.09329111 1600.62854695 5871.97713492
21480 -1364266.73396 6262466.25867 -2202339.77102 -4578.78619163 1121.77708342 6055.18827147
21540 -1635634.69737 6315269.15919 -1834229.76755 -4463.32868457 637.622868582 6210.41634548
21600 -1899453.7052 6338919.97651 -1457664.17467 -4327.2508648 150.417821041 6336.93066768
21660 -2154504.8754 6333303.61042 -1074384.36416 -4171.17990861 -337.571420974 6434.13574892
21720 -2399609.80392 6298441.15716 -686163.314175 -3995.83750086 -824.073300716 6501.57407681
21780 -2633636.15629 6234489.88287 -294797.229884 -3802.03705771 -1306.82237852 6538.92945267
21840 -2855503.05509 6141742.48346 97903.0116768 -3590.67956072 -1783.57191128 6546.02918958
21900 -3064186.1716 6020625.58815 490120.478542 -3362.74800572 -2252.10609017 6522.84392827
21960 -3258722.47399 5871697.58649 880040.734645 -3119.30174376 -2710.25023492 6469.4859134
22020 -3438214.65924 5695645.89686 1265860.2883 -2861.47163601 -3155.87949248 6386.20756004
22080 -3601835.3078 5493283.70993 1645794.98238 -2590.45545296 -3586.92792885 6273.40086162
22140 -3748830.73755 5265546.1499 2018088.3464 -2307.51228371 -4001.39879902 6131.59643976
22200 -3878524.48108 5013485.80786 2381019.84561 -2013.95564449 -4397.37494403 5961.46093559
22260 -3990320.33165 4738267.68311 2732912.92055 -1711.14618724 -4773.02798697 5763.79275091
22320 -4083704.9654 4441163.61582 3072142.74459 -1400.48496493 -5126.62616972 5539.51706843
22380 -4158250.17984 4123546.27333 3397143.67991 -1083.4073024 -5456.54151529 5289.68083657
22440 -4213614.76771 3786882.71405 3706416.43393 -761.376660493 -5761.25677413 5015.44777236
22500 -4249546.00955 3432727.54081 3998534.91053 -435.878023715 -6039.37214411 4718.0931328
22560 -4265880.75469 3062715.66019 4272152.7315 -108.410834897 -6289.61167112 4398.99787361
22620 -4262546.07296 2678554.67114 4526009.37747 219.518181745 -6510.82914931 4059.64174847
22680 -4239559.48276 2282016.9266 4758935.88057 546.401904414 -6702.01302013 3701.59533617
22740 -4197028.78155 1874931.34314 4969860.02649 870.739169061 -6862.2898568 3326.51186614
22800 -4135151.50784 1459175.03604 5157811.08989 1191.04076636 -6990.92684931 2936.119972
22860 -4054214.04154 1036664.80849 5321924.1686 1505.83558899 -7087.33435564 2532.21744662
22920 -3954590.32146 609348.469061 5461444.14323 1813.6772501 -7151.06906463 2116.664736
22980 -3836740.15704 179195.954481 5575729.20491 2113.15090671 -7181.83714532 1691.37693507
23040 -3701207.13755 -251809.709222 5664253.85736 2402.87979382 -7179.49634825 1258.31441668
23100 -3548616.16054 -681681.528964 5726611.34377 2681.53142616 -7144.0567001 819.473224882
23160 -3379670.58886 -1108437.67424 5762515.51078 2947.82383125 -7075.68013158 376.875944872
23220 -3195149.03095 -1530110.56152 5771802.13474 3200.53181437 -6974.67937312 -67.4371658345
23280 -2995901.75926 -1944755.8541 5754429.71383 3438.49263049 -6841.51627508 -511.417138316
23340 -2782846.81851 -2350461.35213 5710479.72145 3660.61066363 -6676.79990627 -953.015247937
23400 -2556965.86985 -2745355.77253 5640156.32551 3865.8617272 -6481.28481096 -1390.19189446
23460 -2319299.7619 -3127617.42249 5543785.56681 4053.29799094 -6255.86905015 -1820.9258507
23520 -2070943.78336 -3495482.72035 5421813.96018 4222.05353739 -6001.59088015 -2243.22425934
23580 -1813042.59276 -3847254.45698 5274806.48404 4371.34933023 -5719.6234325 -2655.13285517
23640 -1546784.89589 -4181309.69651 5103443.97691 4500.49659828 -5411.26827329 -3054.7453598
23700 -1273397.95921 -4496107.29666 4908520.00586 4608.89911956 -5077.94936368 -3440.21175371
23760 -994141.984809 -4790195.09191 4690937.25204 4696.05575812 -4721.20775989 -3809.74629925
23820 -710304.308322 -5062216.75151 4451703.39692 4761.563786 -4342.69580233 -4161.63623776
23880 -423193.393776 -5310918.23853 4191926.46819 4805.12210909 -3944.1695111 -4494.25097478
23940 -134132.668764 -5535153.75886 3912809.64491 4826.53322859 -3527.47934379 -4806.05074553
24000 155545.712588 -5733891.13636 3615645.5765 4825.7037588 -3094.56051902 -5095.59412724
24060 444507.112345 -5906216.61678 3301810.2811 4802.64424924 -2647.4236852 -5361.54464237
24120 731420.638298 -6051339.11741 2972756.66102 4757.46898169 -2188.14567628 -5602.67698505
24180 1014965.36206 -6168593.90855 2630007.65065 4690.39574038 -1718.85972816 -5817.88303569
24240 1293836.51217 -6257445.68426 2275149.01442 4601.74513119 -1241.74490951 -6006.17746229
24300 1566751.60276 -6317490.97936 1909821.8284 4491.93906774 -759.014949137 -6166.70261941
24360 1832456.44222 -6348459.90733 1535714.69588 4361.49828662 -272.906851047 -6298.73247128
24420 2089730.96707 -6350217.22161 1154555.76108 4211.03906401 214.330183342 -6401.67540914
24480 2337394.86594 -6322762.73197 768104.580888 4041.26958769 700.445157869 -6475.07624765
24540 2574312.98633 -6266231.11159 378143.886791 3852.98637271 1183.19530643 -6518.61797885
24600 2799400.52526 -6180891.09232 -13528.7567929 3647.07056582 1660.3566019 -6532.12341557
24660 3011627.97986 -6067144.00288 -405109.372372 3424.48353701 2129.73510667 -6515.5559804
24720 3210025.80358 -5925521.62109 -794795.988005 3186.26150271 2589.1782482 -6469.01880311
24780 3393688.72362 -5756683.38663 -1180796.95428 2933.50976194 3036.58470206 -6392.75239521
24840 3561779.7219 -5561413.06896 -1561339.11002 2667.39732364 3469.91280938 -6287.13214711
24900 3713533.70655 -5340614.94253 -1934675.81333 2389.15186521 3887.18882853 -6152.66632939
24960 3848260.87008 -5095309.44571 -2299094.85111 2100.0541799 4286.51590462 -5989.99382809
25020 3965349.68535 -4826628.29696 -2652926.17525 1801.43167948 4666.082944 -5799.88052817
25080 4064269.49785 -4535809.11742 -2994549.38299 1494.65160921 5024.17204318 -5583.21457135
25140 4144572.72612 -4224189.65268 -3322400.91041 1181.11485562 5359.16461418 -5341.00173003
25200 4205896.70855 -3893201.62817 -3634980.96525 862.250233869 5669.54772575 -5074.36124883
25260 4247965.19931 -3544364.19665 -3930860.19563 539.508367782 5953.92127467 -4784.52093607
25320 4270589.47492 -3179276.96349 -4208686.01214 214.354887812 6211.00454003 -4472.81049342
25380 4273669.03177 -2799612.68242 -4467188.47634 -111.736210193 6439.64048409 -4140.65405614
25440 4257191.91184 -2407109.75222 -4705185.76909 -437.288286373 6638.79839876 -3789.5639097
25500 4221234.70282 -2003564.547 -4921589.33156 -760.827379155 6807.57717344 -3421.13567741
25560 4165962.20045 -1590823.50043 -5115408.71411 -1080.88829325 6945.21014773 -3037.04298478
25620 4091626.67498 -1170774.88911 -5285756.03988 -1396.02159515 7051.06986474 -2639.02983774
25680 3998566.71925 -745340.390665 -5431849.95613 -1704.80032062 7124.67062524 -2228.90152441
25740 3887205.73051 -316466.555343 -5553019.05492 -2005.82543247 7165.6690862 -1808.5163643
25800 3758050.09165 113883.752233 -5648704.8512 -2297.73059468 7173.86500955 -1379.77910926
25860 3611687.05258 543739.992881 -5718464.37769 -2579.18756566 7149.2031896 -944.634400883
25920 3448782.25828 971132.714483 -5761972.34343 -2848.91250279 7091.77524668 -505.058648042
25980 3270076.89474 1394102.37278 -5779022.76524 -3105.67218237 7001.81966666 -63.0508483852
26040 3076384.4877 1810708.10536 -5769530.0614 -3348.28932035 6879.72043945 379.375920993
26100 2868587.40125 2219036.42428 -5733529.66952 -3575.64740785 6726.00595433 820.201987469
26160 2647633.03805 2617209.86773 -5671178.2106 -3786.69591749 6541.34863951 1257.4090294
26220 2414529.71381 3003395.6207 -5582753.12877 -3980.45585198 6326.56398881 1688.98964753
26280 2170342.20914 3375814.02315 -5468651.72341 -4156.02481549 6082.60770628 2112.9577786
26340 1916187.04308 3732746.85756 -5329389.57268 -4312.58124705 5810.57140853 2527.35836258
26400 1653227.50491 4072545.36788 -5165598.41183 -4449.38837425 5511.6781316 2930.27595374
26460 1382668.4423 4393638.01213 -4978023.50098 -4565.79839958 5187.27785307 3319.84332244
26520 1105750.79881 4694537.92498 -4767520.45766 -4661.25654294 4838.8421454 3694.25069251
26580 823745.931814 4973850.01966 -4535051.52937 -4735.30423943 4467.9575295 4051.75499819
26640 537949.765846 5230277.66682 -4281681.33123 -4787.58150462 4076.318172 4390.68841103
26700 249676.813931 5462628.93212 -4008572.08966 -4817.82906327 3665.71848768 4709.46639339
26760 -39745.9269667 5669822.35751 -3716978.39994 -4825.89035304 3238.04518685 5006.59590372
26820 -328985.181205 5850892.23064 -3408241.4914 -4811.71275008 2795.26813101 5280.68346075
26880 -616707.637454 6004993.27839 -3083783.03816 -4775.3476182 2339.43045642 5530.44208057
26940 -901586.172824 6131404.77519 -2745098.59606 -4716.94979949 1872.6391045 5754.69689641
27000 -1182306.05332 6229534.10447 -2393750.71661 -4636.7774238 1397.05595424 5952.39052816
27060 -1457571.13255 6298919.77841 -2031361.71964 -4535.1919126 914.888394199 6122.58914387
27120 -1726110.03027 6339233.84616 -1659606.0903 -4412.65711168 428.378294731 6264.4887159
27180 -1986682.21278 6350283.59881 -1280202.52975 -4269.73686907 -60.2102204074 6377.42009557
27240 -2238083.89057 6332012.53659 -894905.757287 -4107.09151779 -548.60293814 6460.85221813
27300 -2479153.695 6284500.62804 -505498.165998 -3925.4741403 -1034.52697359 6514.3939239
27360 -2708778.13295 6207963.90173 -113781.390667 -3725.72687854 -1515.72167663 6537.79514936
27420 -2925896.8136 6102753.38953 278432.184259 -3508.77696507 -1989.94936384 6530.94773542
27480 -3129507.42259 5969353.43087 669327.952107 -3275.63227114 -2455.00587586 6493.88578833
27540 -3318670.41672 5808379.34818 1057097.619 -3027.37645977 -2908.73101706 6426.78556579
27600 -3492513.4158 5620574.49306 1439947.71424 -2765.16370548 -3349.01911814 6329.96471214
27660 -3650235.25899 5406806.65706 1816108.0246 -2490.21276925 -3773.82956708 6203.88041842
27720 -3791109.68779 5168063.86905 2183839.88112 -2203.80053724 -4181.19660021 6049.12638554
27780 -3914488.63777 4905449.63934 2541444.24091 -1907.25553363 -4569.23797125 5866.42916086
27840 -4019805.14826 4620177.70433 2887269.54706 -1601.95165152 -4936.16308308 5656.64444467
27900 -4106575.89333 4313566.27941 3219719.36119 -1289.30170304 -5280.2813015 5420.75307981
27960 -4174403.30929 3987031.81362 3537259.72466 -970.750409358 -5600.01008503 5159.85590564
28020 -4222977.29258 3642082.29015 3838426.17236 -647.767222776 -5893.88183212 4875.16742479
28080 -4252076.48155 3280310.1647 4121830.35522 -321.839716537 -6160.54919942 4568.00929776
28140 -4261569.16124 2903385.00568 4386166.28997 5.53245890053 -6398.78993784 4239.80445243
28200 -4251413.80293 2513045.83358 4630216.26475 332.84384953 -6607.51212691 3892.07133834
28260 -4221659.20678 2111093.14287 4852856.37907 658.590142271 -6785.75935679 3526.41736611
28320 -4172444.21986 1699380.63859 5053061.66025 981.275226734 -6932.71496711 3144.53142915
28380 -4103997.04579 1279806.74684 5229910.71917 1299.41769335 -7047.70545922 2748.17611553
28440 -4016634.17844 854305.9262 5382589.93407 1611.556979 -7130.20380255 2339.17970073
28500 -3910758.9599 424839.786728 5510397.13393 1916.25982053 -7179.83237012 1919.4274049
28560 -3786859.74126 -6611.92511232 5612744.73683 2212.12693966 -7196.36429501 1490.85211545
28620 -3645507.65492 -438060.36608 5689162.34721 2497.79918831 -7179.72308015 1055.42586417
28680 -3487354.04149 -867516.599927 5739298.88562 2771.96299909 -7129.98215129 615.152706945
28740 -3313127.54844 -1293000.61405 5762924.30207 3033.35606659 -7047.36579376 172.061582959
28800 -3123630.86064 -1712550.41354 5759930.8054 3280.77393463 -6932.25040816 -271.80290386
28860 -2919737.02548 -2124231.13636 5730333.47174 3513.076679 -6785.16360939 -714.391707695
28920 -2702385.41188 -2526144.02592 5674270.17755 3729.1942444 -6606.78053746 -1153.662164
28980 -2472577.39843 -2916435.14801 5592000.94689 3928.1302703 -6397.9194909 -1587.58662149
29040 -2231371.8444 -3293303.88258 5483906.82724 4108.96578143 -6159.53893637 -2014.15989167
29100 -1979880.31131 -3655011.26832 5350488.29428 4270.86387226 -5892.73526301 -2431.40781912
29160 -1719261.98221 -3999888.17764 5192363.08744 4413.07490074 -5598.73903856 -2837.39755149
29220 -1450718.28699 -4326343.1947 5010263.41589 4534.94090547 -5278.90893235 -3230.2479249
29280 -1175487.30083 -4632870.08907 4805032.5768 4635.89879294 -4934.72460878 -3608.13858086
29340 -894837.974559 -4918054.86808 4577621.05816 4715.48287075 -4567.77988109 -3969.31822006
29400 -610064.219555 -5180582.42134 4329082.14433 4773.32717842 -4179.77579499 -4312.11303474
29460 -322478.864049 -5419242.72314 4060567.00824 4809.16736875 -3772.51270757 -4634.93527119
29520 -33407.5180277 -5632936.52847 3773319.30774 4822.8418735 -3347.8814476 -4936.29107183
29580 255817.616677 -5820680.5317 3468669.3401 4814.29264795 -2907.85434888 -5214.78743485
29640 543863.978413 -5981611.98759 3148027.78811 4783.56584491 -2454.47620232 -5469.13898919
29700 829404.910601 -6114992.76701 2812879.056 4730.81213581 -1989.85432266 -5698.17484105
29760 1111125.91933 -6220212.77966 2464774.21012 4656.28606434 -1516.14744002 -5900.84473016
29820 1387730.85799 -6296792.71438 2105323.59139 4560.34430099 -1035.55425328 -6076.22376914
29880 1657947.9847 -6344386.10737 1736189.18114 4443.44323538 -550.302558176 -6223.51604914
29940 1920535.86541 -6362780.77661 1359076.76523 4306.13626263 -62.6389051218 -6342.05784964
30000 2174289.10504 -6351899.63651 975727.912367 4149.07075219 425.181798065 -6431.32057285