t x y z Vx Vy Vz
0 5417028.219940858 -3237442.336514656 3180945.296097666 4764.234825151839 3174.547197775964 -4870.063619009776
60 5691670.08643 -3040517.09427 2882461.84927 4387.39355283 3387.40136267 -5076.00273179
120 5943159.02131 -2831229.81597 2572238.93182 3992.73346799 3586.47527001 -5261.24651351
180 6170473.95197 -2610431.90321 2251541.30364 3581.86806237 3770.95911314 -5425.0414449
240 6372692.63801 -2379021.56111 1921676.29853 3156.47709363 3940.10312675 -5566.72241211
300 6548995.43678 -2137940.10055 1583988.43457 2718.29953487 4093.22071501 -5685.71547995
360 6698668.63843 -1888168.06108 1239853.87036 2269.12626759 4229.69130191 -5781.54026184
420 6821107.35536 -1630721.17153 890674.731204 1810.792546 4348.96289076 -5853.81187741
480 6915817.95371 -1366646.16594 537873.330655 1345.17027224 4450.55431914 -5902.24248671
540 6982420.01663 -1097016.47383 182886.312756 874.160121744 4534.05719837 -5926.64239364
600 7020647.83158 -822927.803593 -172841.258795 399.683558635 4599.13752864 -5926.92071443
660 7030351.39629 -545493.639019 -527861.838535 -76.3252181632 4645.53698302 -5903.08560959
720 7011496.94043 -265840.668772 -880731.337962 -551.927357422 4673.07385607 -5855.2440808
780 6964166.96244 14895.8309249 -1230015.03914 -1025.18742633 4681.6436748 -5783.6013373
840 6888559.7835 295576.640123 -1574293.45752 -1494.1814298 4671.21947229 -5688.45973875
900 6784988.62285 575063.245334 -1912168.1289 -1957.00473998 4641.85172621 -5570.21732444
960 6653880.20095 852222.476084 -2242267.29601 -2411.77989888 4593.66796675 -5429.36594101
1020 6495772.87915 1125931.10818 -2563251.47103 -2856.66425917 4526.8720604 -5266.48898301
1080 6311314.34664 1395080.41447 -2873818.8514 -3289.85743024 4441.74317767 -5082.25876267
1140 6101258.86723 1658580.64445 -3172710.56713 -3709.60849868 4338.63445474 -4877.43352673
1200 5866464.10034 1915365.41464 -3458715.73891 -4114.22299548 4217.97135998 -4652.8541396
1260 5607887.5123 2164395.99239 -3730676.32783 -4502.06958415 4080.24977788 -4409.44045314
1320 5326582.39518 2404665.45666 -3987491.75836 -4871.58644718 3926.03382347 -4148.187384
1380 5023693.51207 2635202.71977 -4228123.29771 -5221.28735051 3755.95340132 -3870.16072008
1440 4700452.38864 2855076.39555 -4451598.17601 -5549.76736846 3570.70152343 -3576.49267752
1500 4358172.27166 3063398.49962 -4657013.43298 -5855.70825384 3371.03140088 -3268.37723003
1560 3998242.77639 3259327.96871 -4843539.47804 -6137.88344024 3157.7533238 -2947.06523154
1620 3622124.24511 3442073.98691 -5010423.3521 -6395.16266552 2931.7313446 -2613.85935328
1680 3231341.83981 3610899.10726 -5156991.68055 -6626.5162073 2693.87977894 -2270.10885539
1740 2827479.39267 3765122.15836 -5282653.30804 -6831.01872275 2445.15953857 -1917.20421289
1800 2412173.03805 3904120.92624 -5386901.60691 -7007.85268631 2186.57431011 -1556.57161482
1860 1987104.65059 4027334.60265 -5469316.4523 -7156.31141989 1919.16659319 -1189.66735501
1920 1553995.11366 4134265.99176 -5529565.85783 -7275.80171096 1644.01361109 -817.972132264
1980 1114597.44336 4224483.46805 -5567407.26699 -7365.84601448 1362.22310674 -442.985276916
2040 670689.792824 4297622.67871 -5582688.49642 -7426.08423503 1074.92903657 -66.2189208675
2100 224068.362416 4353387.98503 -5575348.32805 -7456.27508555 783.287174551 310.807872631
2160 -223459.758918 4391553.63764 -5545416.74821 -7456.29701971 488.470638843 686.575002918
2220 -670083.795318 4411964.68121 -5493014.83287 -7426.14873448 191.665353174 1059.56723319
2280 -1113996.50287 4414537.58539 -5418354.27893 -7365.94924002 -105.934544377 1428.28008248
2340 -1553401.37962 4399260.59879 -5321736.58275 -7275.93749395 -403.131332444 1791.22569127
2400 -1986519.8405 4366193.82445 -5203551.86792 -7156.47159751 -698.728364055 2146.93864337
2460 -2411598.33082 4315469.01522 -5064277.36554 -7008.02755137 -991.534737122 2493.98172589
2520 -2826915.35186 4247289.08898 -4904475.55113 -6831.1975697 -1280.36996335 2830.95160848
2580 -3230788.37208 4161927.36413 -4724791.94385 -6626.68795172 -1564.0686204 3156.48442249
2640 -3621580.59725 4059726.51683 -4525952.57428 -6395.31651131 -1841.48497155 3469.26121949
2700 -3997707.57328 3941097.26246 -4308761.12901 -6138.00956644 -2111.49753607 3768.01328837
2760 -4357643.59515 3806516.76478 -4074095.78089 -5855.79849186 -2373.01359304 4051.52730932
2820 -4699927.89615 3656526.77729 -3822905.71548 -5549.81584042 -2624.97360057 4318.65032233
2880 -5023170.59156 3491731.52244 -3556207.36561 -5221.2910405 -2866.35551165 4568.29448781
2940 -5326058.35172 3312795.3155 -3275080.36699 -4871.54567942 -3096.17896761 4799.44161652
3000 -5607359.78004 3120439.94091 -2980663.24959 -4501.98838514 -3313.50934963 5011.14744596
3060 -5865930.47208 2915441.79038 -2674148.88061 -4114.10932148 -3517.4616687 5202.54564093
3120 -6100717.73343 2698628.77285 -2356779.67618 -3709.4743145 -3707.2042745 5372.85149625
3180 -6310764.93434 2470877.00788 -2029842.60041 -3289.718631 -3881.96236375 5521.36532069
3240 -6495215.48145 2233107.31501 -1694663.97148 -2856.54043227 -4041.02126946 5647.47548214
3300 -6653316.38749 1986281.5128 -1352604.09558 -2411.69392965 -4183.72951277 5750.66109566
3360 -6784421.42214 1731398.54229 -1005051.75079 -1956.98227044 -4309.50160038 5830.49433748
3420 -6887993.82873 1469490.43068 -653418.543638 -1494.25018532 -4417.82055172 5886.64237035
3480 -6963608.59345 1201618.11181 -299133.162181 -1025.37643081 -4508.24014126 5918.86886743
3540 -7010954.25583 928867.121062 56364.450077 -552.266061632 -4580.38684311 5927.03512458
3600 -7029834.2514 652343.182663 411628.974446 -76.8425698477 -4633.96146689 5911.10075343
3660 -7020167.77958 373167.708464 765215.62619 398.960071525 -4668.74047542 5871.12394994
3720 -6981990.19235 92473.2273093 1115686.06698 873.205421848 -4684.57697738 5807.2613364
3780 -6915452.90137 -188601.23524 1461614.29505 1343.96260421 -4681.40138952 5719.76737707
3840 -6820822.80362 -468914.806932 1801592.48764 1809.31431596 -4659.22176564 5608.99337065
3900 -6698481.22801 -747329.428554 2134236.77034 2267.36477989 -4618.12379133 5475.3860252
3960 -6548922.40768 -1022714.50336 2458192.88863 2716.24759863 -4558.27044568 5319.48562384
4020 -6372751.4848 -1293951.51625 2772141.7574 3154.13347546 -4479.90133323 5141.92379171
4080 -6170682.05702 -1559938.60317 3074804.86479 3579.23776678 -4383.33169095 4943.42087687
4140 -5943533.27672 -1819595.05125 3364949.50763 3989.82783272 -4268.95107725 4724.78295979
4200 -5692226.51599 -2071865.71099 3641393.83677 4384.23015445 -4137.2217513 4486.89850773
4260 -5417781.61232 -2315725.30221 3903011.69145 4760.83718893 -3988.67675232 4230.73469174
4320 -5121312.71166 -2550182.59592 4148737.20301 5118.11393369 -3823.91768994 3957.33338517
4380 -4804023.72681 -2774284.45536 4377569.14947 5454.60417689 -3643.61225758 3667.80686361
4440 -4467203.43085 -2987119.71972 4588575.04366 5768.93640955 -3448.49148174 3363.33322682
4500 -4112220.20657 -3187822.91538 4780894.93887 6059.82937957 -3239.34672069 3045.15156365
4560 -3740516.47376 -3375577.77977 4953744.93715 6326.09726881 -3017.02642667 2714.55688138
4620 -3353602.8177 -3549620.58433 5106420.38695 6566.6544766 -2782.43268609 2372.89482099
4680 -2953051.84276 -3709243.24349 5238298.7577 6780.51999474 -2536.51755234 2021.55617995
4740 -2540491.77612 -3853796.1979 5348842.18056 6966.82136087 -2280.2791862 1661.97126401
4800 -2117599.84723 -3982691.06055 5437599.64568 7124.79817826 -2014.75781894 1295.60408944
4860 -1686095.46936 -4095403.01584 5504208.84763 7253.80519152 -1741.03155304 923.946457093
4920 -1247733.25015 -4191472.96212 5548397.672 7353.31490898 -1460.21201601 548.511919464
4980 -804295.858659 -4270509.38952 5569985.31727 7422.91976312 -1173.43988244 170.829662082
5040 -357586.776806 -4332189.98546 5568883.04761 7462.33380189 -881.880279943 -207.561679597
5100 90577.0364213 -4376262.96146 5545094.57323 7471.39390407 -586.718094633 -585.120246319
5160 538372.539242 -4402548.09571 5498716.05645 7450.06051319 -289.153192159 -960.307202581
5220 983978.030839 -4410937.48665 5429935.74276 7398.41788498 9.60442923033 -1331.59298365
5280 1425580.57527 -4401396.01427 5339033.21776 7316.67384466 308.339536814 -1697.46351972
5340 1861383.39602 -4373961.50631 5226378.29175 7205.15905109 605.836595291 -2056.42641429
5400 2289613.21162 -4328744.60802 5092429.51569 7064.32576639 900.884714498 -2407.01705361